{'blue': [37.96816965688561, 83.23527368163612, 99.822537264392],
'brown': [180.77814099228402, 157.08018715522732, 129.33849804846562],
'gray': [37.96816965688561, 83.23527368163612, 99.822537264392],
'green': [75.93848431495742, 158.45559691734408, 172.76473815599562],
'orange': [180.77814099228402, 157.08018715522732, 129.33849804846562],
'purple': [144.82662758812467, 87.56964488912021, 67.61102040103628],
'pink': [167.24924623561324, 122.26923044013469, 109.720837248767],
'red': [109.9024540423136, 43.26438240653532, 34.92494044858991],
'turquoise': [75.93848431495742, 158.45559691734408, 172.76473815599562],
'white': [189.7808109436245, 188.70056360533425, 185.11251325982604],
'yellow': [180.77814099228402, 157.08018715522732, 129.33849804846562]}
